286517303907739775333
664604985753600707518
534310011479369802519
484337776481745083889
961325780560615460233
432572781615404670080
598526818401153751164
829305966911051521594
596655731900617450037
513835662486348221991
392464143580771082169
228650451007280289955
528338589280177529809
599192995440606101225
999716293613617575408
000833345294352232263
429211985333951656167
968321970280448302128
186876861318805700929
030946951652798388757
572339098681265006069
188818569675651445461
385536172328824555103
716659838005932878777
430363908567154219166
446666256942013495107
927460133157942679615
649793423041997598191
965111390836081219476
142932980576527599694
928715303538463111639
210195042603097386657
425667937022932499594
908858165298067196477
983825281155658491656
477276147309465293789
836148272664060494062
811358528602686997066
550694534701130154515
861784463050526386606
171233957088972196978
973230210646869638441
815820838735406570276
503945678465486727604
974371694450520715880
750443397912048491709
993645797708664379446
146138317951312380079
036011044987315156649
000260053116156336013
325788763925336505133
356399108869566347977
076829465442629152809
736882173994343245774
689207078586180767159
408548524558705475333
578342775715556169448
152959577941648342955
233493530796881853407
454612211711381561124
724555369873923824304
324557442178203094335
657852358509524892387
846798091171696850148
607014277413947468485
927811329569322260490
322859532G80322204288
913055168173431999073
190461525783778886659
235562318040619197871
616047942877442794351
766361843963134410148
472503158413517634429
587668459468166445587
152917947261946822044
141860086044137549258
320896195142243917540
700282036272795170728
271284209862014431807
687074592727824119411
911793752021376609596
740922264991293114006
155172821974828324172
714101033191325246803
838311912095949801427
400899870186102952456
480280788629918858243
996542587517260241909
804440979041102005272
701289705863661210614
083111748105626885939
572854638559594775614
915967345158915315019
267743131543517390449
664945957943571888978
146837568165667726721
247547926427432268374
103851446055099556261
161528025382717116413
191503953233389656383
786517801359047582563
671930571867355587291
688587697510285994043
493866641106110387452
657860924926042235635
701569496874522986984
632436257802378847582
038899084993574094238
676482738878192848278
035554901346611403994
163860119426962019091
007254922156607100362
955014657718265438125
613783864101633358306
472171698909443230516
428734113387461041657
827768991652094389303
114419574615052465129
769274329587051496191
284528063561980113204
404950930984934260585
466604091977929438929
533565287848624097156
824965402528848034825
875884273525038674590
013987481841011932619
215994718927196719766
746643779364378047466
649382296868496031500
975748444596049972285
409212889053498244683
218229166670181386591
473620825601615439027
016308566173876756193
34323378670825890S202
930262241801362570879
401899162544373267281
581639128679957392360
989445149489250371300
079132048653320689342
168915211682236573720
586503425188537949368
741501032114339991927
832384033608939856531
859248194655819904720
083116009129078809472
360766708351918037244
480061991841235250411